date        pm25   pm10   o3   no2   so2   co2
2025/7/2    30     14     29   22    3     6
2025/7/3    40     30     42   17    2     3
2025/7/4    30     17     34   17    2     3
2025/7/5    17
2025/4/2    71     20     50         2     8
2025/4/3    51     24     39         3     10
2025/4/4    62     28     30         2     10
2025/4/5    60     31
2025/4/8    56     26     23         2     10
2025/4/9    49     32     35         2     10
2025/4/10   60     17     23         2     7
2025/4/11   43     32     11         2     13
2025/4/12   50     32     19         2     7
2025/4/13   49     12     41         2     6
2025/4/14   47     31     44         3     6
2025/4/15   49     36     42         3     6
2025/4/16   51     36     50         3     6
2025/4/17   53     30     37         2     5
2025/4/18   52     19     41         2     3
2025/4/19   29     29     62         2     4
2025/4/20   39     22     46         1     4
2025/4/21   41     29     42         2     7
2025/4/22   52     27     44         2     7
2025/4/23   51     27     44         3     7
2025/4/24   48     23     22         4     9
2025/4/25   59     19     37         3     10
2025/4/26   67            32         2     8
2025/4/27   60            42         1     6
2025/4/28   35     27     18         3     10
2025/4/29   56     33     25         4     11
2025/4/30   73     21     32         2     8
2025/5/1    54     22     25         2     8
2025/5/2    56     23     42         2     7
2025/5/3    53     22     31         2     7
2025/5/4    50     17     45         2     6
2025/5/5    47     17     21         2     9
2025/5/6    45     30     26         3     11
2025/5/7    70     25     36         3     8
2025/5/8    59     30     18         3     10
2025/5/9    65     29     37         2     10
2025/5/10   59     24     33         1     5
2025/5/11   24     15     30         1     4
2025/5/12   18     27     31         2     7
2025/5/13   37     21     27         2     8
2025/5/14   47     24     42         2     7
2025/5/15   60     21     21         2     9
2025/5/16   60     20     16         1     9
2025/5/17   41     14     21         1     8
2025/5/18   34     12     30         1     6
2025/5/19   27     28     21         2     12
2025/5/20   60     31     35         3     11
2025/5/21   71     24     26         2     5
2025/5/22   44     28     27         2     5
2025/5/23   40     23     31         2     3
2025/5/24   28     25     31         2     4
2025/5/25   35     18     31         2     4
2025/5/26   40     18     25         2     6
2025/5/27   48     24     34         2     6
2025/5/28   52     33     28         2     5
2025/5/29   40     30     29         2     5
2025/5/30   33     33     30         2     6
2025/5/31   47     26     27         2     6
2025/6/1    47     25     31         2     4
2025/6/2    33     31     34         2     3
2025/6/3    20     34
2025/6/6    53     28     22         2     8
2025/6/7    47     29     33         2     4
2025/6/8    23     26     32         3     5
2025/6/9    36     28     28         3     7
2025/6/10   54   20   27        2    8
2025/6/11   63   26   42        2    7
2025/6/12   61   19   25        2    8
2025/6/13   44   23   25        2    8
2025/6/14   59   19   28        1    6
2025/6/15   43   23   35        2    5
2025/6/16   45   12   29        2    8
2025/6/17   47   23   28        2    7
2025/6/18   42   37   39        1    5
2025/6/19   27   20   35        2    5
2025/6/20   25   51   31        2    5
2025/6/21   19
2025/6/30   35   32   29   25   2    7
2025/7/1    36   31   28   21   2    4
2025/1/2    68   18   25        4    8
2025/1/3    43   18   26        4    8
2025/1/4    27   16   38        4    7
2025/1/5    33   17   34        4    8
2025/1/6    31   23   48        6    10
2025/1/7    55   30   43        8    11
2025/1/8    68   25   41        8    12
2025/1/9    58   24   29        5
2025/1/10   49   25   36        5
2025/1/11   60   29   68        7
2025/1/12   67   27   71        6
2025/1/13   59   26   30        7
2025/1/14   66   21   46        4
2025/1/15   33   20   24        6    9
2025/1/16   58   19   29        6    5
2025/1/17   37   19   41        4    2
2025/1/18   28   22   74        7    4
2025/1/19   39   18   29        12   2
2025/1/20   25   22   21        7    4
2025/1/21   54   31   63        8    6
2025/1/22   82   25   63        7    4
2025/1/23   59   42   69        7    5
2025/1/24   66   39   50        5    4
2025/1/25   71   33   35        5    2
2025/1/26   58   32   37        4    4
2025/1/27   34   35   39        5    5
2025/1/28   54   51   42        7    2
2025/1/29   48   25   41        5    1
2025/1/30   46   43   31        4    4
2025/1/31   41   39   25        5    6
2025/2/1    35
2025/2/4    55   21   31        6    5
2025/2/5    59   35   35        7    6
2025/2/6    67   30   26        1    6
2025/2/7    65   44   28        3    7
2025/2/8    82   26   29        2    4
2025/2/9    56   33   31        1    4
2025/2/10   47   18   24        1    6
2025/2/11   35   34   18        1    7
2025/2/12   40   28   15        2    7
2025/2/13   53   12   20        1    6
2025/2/14   33
2025/2/16   22   15   26             4
2025/2/17   36   7    17        1    9
2025/2/18   60   18   14        1    6
2025/2/19   47   21   44        1    5
2025/2/20   51   28   27        2    8
2025/2/21   60   26   39        2    6
2025/2/22   70
2025/2/25   17   25   30        1    6
2025/2/26   44   15   17        1    5
2025/2/27   41   27   32        1    9
2025/2/28   70   31   37        2    11
2025/3/1    83   17
2025/3/7    28   21   35        1    8
2025/3/8    47   21   46        1    5
2025/3/9   44    14   33   1    5
2025/3/10 34     18   33   1    7
2025/3/11 44          15   2    9
2025/3/12 57          35   2    10
2025/3/13 67          16   1    10
2025/3/14 61          27   1    10
2025/3/15 59          46   1    6
2025/3/16 43          52   1    6
2025/3/17 49          24   1    7
2025/3/18 43          31   1    8
2025/3/19 53          38   2    9
2025/3/20 61          34   2    11
2025/3/21 54          35   2    9
2025/3/22 53          30   1    7
2025/3/23 42          46   2    6
2025/3/24 34          42   2    7
2025/3/25 52     44   38   3    8
2025/3/26 70     39   49   2    7
2025/3/27 56     20   25   2    10
2025/3/28 58     22   27   4    11
2025/3/29 70     19   40   2    9
2025/3/30 53     17   27   1    8
2025/3/31 35     20   29   2    9
2025/4/1 46      28   38   3    11
