date        pm25   pm10   o3   no2   so2   co2
2025/7/2    52     14     24   19    1     4
2025/7/3    35     30     31   16    1     4
2025/7/4    43
2025/4/2    62     20     42         9     2
2025/4/3    43     24     27         2     2
2025/4/4    42     27     31         3     4
2025/4/5    62     31     34         4     3
2025/4/6    57     17     18         3
2025/4/7    31     24     29         5     6
2025/4/8    53     26     23         5     6
2025/4/9    50     32     31         5     6
2025/4/10   65     17     24         3     2
2025/4/11   34     32     17         4     7
2025/4/12   63     32     33         6     10
2025/4/13   65     12     33         4     5
2025/4/14   28     31     41         6     8
2025/4/15   55     36     41         7     7
2025/4/16   66     36     42         6     5
2025/4/17   58     30     38         5     5
2025/4/18   51     19     35         4     5
2025/4/19   32     29     48         5     6
2025/4/20   46     22     40         3     4
2025/4/21   37     29     39         3     5
2025/4/22   43     27     39         4     6
2025/4/23   49     27     41         4     5
2025/4/24   37     23     34         4     4
2025/4/25   44     19     42         5     6
2025/4/26   49            33         4     5
2025/4/29   53     33     27         6     6
2025/4/30   70     21     30         4     2
2025/5/1    42     22     28         4     3
2025/5/2    50     23     34         4     3
2025/5/3    46     22     28         4     6
2025/5/4    50     17     35         4     4
2025/5/5    45     17     23         5     6
2025/5/6    38     30     29         7     6
2025/5/7    55     25     35         2     5
2025/5/8    47     30     18         1     7
2025/5/9    65     29     35         1     8
2025/5/10   54     24     27         1     6
2025/5/11   36     15     25               4
2025/5/12   27     27     27               5
2025/5/13   47     21     28         1     4
2025/5/14   45     24     35               2
2025/5/15   41     21     21               3
2025/5/16   41     20     18               3
2025/5/17   40     14     21               4
2025/5/18   37     12     27               4
2025/5/19   35     28     19         3     9
2025/5/20   65     31     30         1     5
2025/5/21   60     24     27         1     4
2025/5/22   48     28     29         2     6
2025/5/23   58     23     28         2     5
2025/5/24   42     25     28         2     5
2025/5/25   43     18     23         1     3
2025/5/26   36     18     24               2
2025/5/27   28     24     30         1     3
2025/5/28   48     33     23         2     5
2025/5/29   55     30     24         3     6
2025/5/30   50     33     28         2     6
2025/5/31   53     26     20               4
2025/6/1    38     25     21         1     4
2025/6/2    20     31     31         1     4
2025/6/3    35     34     21         1     4
2025/6/4    51     24     31         1     3
2025/6/5    50     23     18         1     3
2025/6/6    42     28     17         2     9
2025/6/7    64     29     13         1     7
2025/6/8    45     26     24         1     6
2025/6/9    46    28   28        1    6
2025/6/10   57    20   24        1    7
2025/6/11   59    26   37        2    7
2025/6/12   73    19   28        1    7
2025/6/13   62    23   25        1    7
2025/6/14   57    19   24        1    7
2025/6/15   42    23   25        1    7
2025/6/16   52    12   28        2    7
2025/6/17   55    23   18        1    9
2025/6/18   52    37   33        2    11
2025/6/19   43    20   32        1    7
2025/6/20   44    51   2         5    24
2025/6/21   130
2025/6/30   46    32   36   20   2    6
2025/7/1    45    31   22   20   1    4
2025/1/2    44    18   25             4
2025/1/3    24    18   21             4
2025/1/4    27    16   25             4
2025/1/5    27    17   27             4
2025/1/6    23    23   38        2    6
2025/1/7    40    30   37        2    6
2025/1/8    46    25   35        3    6
2025/1/9    39    24   32        6    5
2025/1/10   31    25   34        6    6
2025/1/11   37    29   44        9    7
2025/1/12   57    27   51        7    6
2025/1/13   51    26   37        7    5
2025/1/14   46    21   36        4    4
2025/1/15   31    20   40        7    2
2025/1/16   35    19   31        8    2
2025/1/17   30    19   37        7    3
2025/1/18   34    22   42        11   3
2025/1/19   42    18   53        11   1
2025/1/20   25    22   38        11   3
2025/1/21   43    31   55        16   3
2025/1/22   62    25   52        1    2
2025/1/23   45    42   58        8    6
2025/1/24   67    39   47        11   4
2025/1/25   67    33   38        2    4
2025/1/26   56    32   33        5    3
2025/1/27   47    35   31        3    3
2025/1/28   45    51   38        5    4
2025/1/29   53    25   36        2    2
2025/1/30   39    43   30        2    5
2025/1/31   50    39   10        13   9
2025/2/1    59
2025/2/4    25    21   28        3    5
2025/2/5    55    35   29        7    4
2025/2/6    63    30   29        3    5
2025/2/7    44    44   31        3    5
2025/2/8    49    26   33        2    4
2025/2/9    49    33   28        2    4
2025/2/10   42    18   23        2    5
2025/2/11   73    34   15        3    6
2025/2/12   31    28   30        7    6
2025/2/13   80    12   30        3    4
2025/2/14   27
2025/2/16   18    15   26        1    2
2025/2/17   23    7    15        2    2
2025/2/18   20    18   14        3    5
2025/2/19   35    21   29        3    4
2025/2/20   39    28   23        3    4
2025/2/21   25    26   33        3    4
2025/2/22   51
2025/2/25   30    25   26        5    3
2025/2/26   29    15   17        7    4
2025/2/27   31    27   32        5    5
2025/2/28   51    31   34        6    7
2025/3/1    63    17   35        4    4
2025/3/2    28    14   35        4    4
2025/3/3   26    18   40   4    4
2025/3/4 34      19   37   4    4
2025/3/5 36      18   30   4    4
2025/3/6 32      16   29   4    5
2025/3/7 39      21   37   7    7
2025/3/8 55      21   38   4    4
2025/3/9 38      14   33   4    5
2025/3/10 33     18   41   6    7
2025/3/11 44
2025/3/26 68     39   35   7    4
2025/3/27 61     20   29   7    3
2025/3/28 67     22   27   7    4
2025/3/29 71     19   40   8    3
2025/3/30 53     17   29   11   3
2025/3/31 43     20   31   12   3
2025/4/1 45      28   35   9    5