date        pm25   pm10   o3   no2   so2   co2
2025/7/2    29            27   12    3     6
2025/7/3    39            40   6     3     3
2025/7/4    23            35   5     3     3
2025/7/5    11
2025/4/2    64            48         2     3
2025/4/3    40            36         1     8
2025/4/4    58            29         1     11
2025/4/5    57            39         2     9
2025/4/6    54            14         1     7
2025/4/7    35            27         1     9
2025/4/8    43            22         1     9
2025/4/9    7             37         2     6
2025/4/11   34            7          2     9
2025/4/12   47            32         2     9
2025/4/13   55            38         1     6
2025/4/14   47            42         2     6
2025/4/15   43            43         2     5
2025/4/16   40            46         2     6
2025/4/17   50            36         5     5
2025/4/18   49            39         3     4
2025/4/19   30            57         2     4
2025/4/20   41            42               3
2025/4/21   35            39         4     5
2025/4/22   46            47         3     5
2025/4/23   43            44         4     5
2025/4/24   48            23         5     8
2025/4/25   53            34         6     9
2025/4/26   62            29         5     8
2025/4/27   57            43         4     5
2025/4/28   33            12         7     8
2025/4/29   48            24         8     9
2025/4/30   67            28         1     7
2025/5/1    47            30         1     6
2025/5/2    51            40         1     8
2025/5/3    53            28         1     6
2025/5/4    48            40               6
2025/5/5    43            18         1     7
2025/5/6    42            27         3     10
2025/5/7    64            37         2     8
2025/5/8    54            19         5     10
2025/5/9    55            38         8     10
2025/5/10   56            31         5     6
2025/5/11   28            29         3     3
2025/5/12   21            28         5     7
2025/5/13   40            29         4     6
2025/5/14   41            35         3     6
2025/5/15   52            19         3     7
2025/5/16   54            11         3     8
2025/5/17   41            21         2     7
2025/5/18   31            27         1     6
2025/5/19   29            22         4     11
2025/5/20   58            32         5     11
2025/5/21   61            27         4     7
2025/5/22   40            27         4     6
2025/5/23   45            29         2     3
2025/5/24   30            28         1     4
2025/5/25   33            30         1     4
2025/5/26   39            23         4     5
2025/5/27   42            30         6     4
2025/5/28   42            24         7     5
2025/5/29   35            29         7     5
2025/5/30   29            26         6     5
2025/5/31   42            23         5     5
2025/6/1    42            28         5     4
2025/6/2    28            31         6     4
2025/6/3    28            25         8     8
2025/6/4    49            22         7     6
2025/6/5    60            29               5
2025/6/6    56            22               7
2025/6/7    48   30             3
2025/6/8    25   28             4
2025/6/9    37   29             4
2025/6/10   46   28             6
2025/6/11   49   41             5
2025/6/12   51   26             5
2025/6/13   40   27             5
2025/6/14   46   25             4
2025/6/15   41   32             4
2025/6/16   43   29             5
2025/6/17   42   29        4    6
2025/6/18   38   34        2    3
2025/6/19   24   35        2    4
2025/6/20   24   30        3    5
2025/6/21   29
2025/6/30   26   30   10   4    5
2025/7/1    30   30   11   3    5
2025/1/2    61   28        6    5
2025/1/3    33   23        6    6
2025/1/4    35   28        7    5
2025/1/5    35   31        6    6
2025/1/6    29   44        9    10
2025/1/7    56   33        12   11
2025/1/8    62   34        11   9
2025/1/9    42   26        9    10
2025/1/10   40   33        10   9
2025/1/11   45   60        10   10
2025/1/12   64   64        10   9
2025/1/13   55   27        11   10
2025/1/14   50   42        5    2
2025/1/15   58   19        10   1
2025/1/16   45   28        8    3
2025/1/17   32   41        5    1
2025/1/18   19   62        9    3
2025/1/19   39   24        12   3
2025/1/20   28   12        11   4
2025/1/21   49   57        9    5
2025/1/22   70   54        11   4
2025/1/23   52   65        10   5
2025/1/24   60   46        8    5
2025/1/25   64   33        9    7
2025/1/26   63   35        7    5
2025/1/27   33   35        10   5
2025/1/28   48   41        9    3
2025/1/29   47   34        9    3
2025/1/30   37   31        8    6
2025/1/31   38   3         11   11
2025/2/1    42
2025/2/4    49   27        11   7
2025/2/5    59   34        8    6
2025/2/6    49   23        9    8
2025/2/7    62   25             4
2025/2/8    74   26             2
2025/2/9    38   24             3
2025/2/10   30   22             4
2025/2/11   22   13             6
2025/2/12   45   21        5    3
2025/2/13   51   19        7    4
2025/2/14   32
2025/2/16   21   21             4
2025/2/17   31   14             5
2025/2/18   35   11        1    6
2025/2/19   36   45        2    4
2025/2/20   42   21        7    10
2025/2/21   64   33        6    6
2025/2/22   65
2025/2/25   39   27        1    6
2025/2/26   44   17        1    5
2025/2/27   36   38        4    9
2025/2/28   64   33        5    10
2025/3/1   57   29   3    6
2025/3/2 33     34   2    5
2025/3/3 31     35   4    8
2025/3/4 39     40   4    6
2025/3/5 45     21   4    8
2025/3/6 37     33   4    6
2025/3/7 33     38   7    9
2025/3/8 42     44   6    6
2025/3/9 40     28   5    7
2025/3/10 33    38   7    7
2025/3/11 44    15   10   10
2025/3/12 52    34   10   10
2025/3/13 69    18   2    7
2025/3/14 57    23   7    8
2025/3/15 56    42   5    5
2025/3/16 38    49   5    4
2025/3/17 46    26   6    4
2025/3/18 38    30   6    7
2025/3/19 52    35   1    10
2025/3/20 64    33   2    7
2025/3/21 52    33   4    9
2025/3/22 54    28   3    8
2025/3/23 46    45   3    6
2025/3/24 39    41   3    6
2025/3/25 46    35   5    7
2025/3/26 59    33   4    6
2025/3/27 51    7    3    6
2025/3/28 39    27   2    5
2025/3/29 63    41   1    4
2025/3/30 51    26   2    3
2025/3/31 31    24   2    4
2025/4/1 41     35   1    6