date     pm25    no2        so2       co2
01-04-
25          27         26         5         15
02-04-
25          82         20         2          9
03-04-
25          64         38         4         11
04-04-
25          68         38         3         12
05-04-
25          72         34         4         13
06-04-
25          73         35         2          7
07-04-
25          38         30         5         11
08-04-
25          53         24         3         13
09-04-
25          57         33         5         11
10-04-
25          65         40         2         10
11-04-
25          52         34         5         17
12-04-
25          72         25         6         15
13-04-
25          70         32         3         10
14-04-
25          54         35         4         11
15-04-
25          58         30         5         10
16-04-
25          58         24         6         10
17-04-
25          63         31         2          8
18-04-
25          51         35         2          7
19-04-
25          37         33         3          7
20-04-
25          40         38         2          7
22-04-
25          51         33         3          9
23-04-
25          54         23         3          8
24-04-
25          50         31         4         12
25-04-
25          80         43         3         12
26-04-
25          66         28         2          8
27-04-
25
            63         30         2         15
28-04-
25          35         27         5         11
29-04-
25          61         23         5         11
30-04-
25          75         30         2         10
28-03-
25       51   5   11
29-03-
25       69   3   12
30-03-
25       63   1    9
31-03-
25       42   2   12
01-04-
25       49   5   12
02-04-
22
         57   5    8
03-04-
22       59   7    8
04-04-
22       54   8    7
05-04-
22       70   6    8
06-04-
22       63   7   10
07-04-
22       67   5    8
08-04-
22       78   8   11
09-04-
22       78   4    8
10-04-
22       60   3    7
11-04-
22       41   4    8
12-04-
22       51   7    9
13-04-
22       67   8   12
14-04-
22       62
29-04-
22       89   7    8
30-04-
22       59   5    6
01-05-
22       44   4    5
02-05-
22       40    6    6
03-05-
22       49    6    8
04-05-
22       54    9    9
05-05-
22       72    3    6
06-05-
22       62
04-01-
22       72    4    7
05-01-
22       77    1    6
06-01-
22       43
12-02-
22       50    5    8
13-02-
22       52    2    6
14-02-
22
         46    5    8
15-02-
22       54    8    8
16-02-
22       71   10    7
17-02-
22       87    4    7
18-02-
22       71    6    7
19-02-
22       67    3    6
20-02-
22       46    4    6
21-02-
22       46    4    6
22-02-
22       56   15    7
23-02-
22       74    9    9
24-02-
22       91    5    7
25-02-
22       54    7    8
26-02-
22       66    8    8
27-02-
22       62    6    7
28-02-
22       62    5    8
01-03-
22       62    3    7
02-03-
22       47    7    8
03-03-
22       61    5    8
04-03-
22       57   13    8
05-03-
22       55    6   10
06-03-
22       60    4    7
07-03-
22       46    5    8
08-03-
22       50    7    8
09-03-
22       61   14    9
10-03-
22       76   13    8
11-03-
22       67    8    8
12-03-
22
         67    4    9
13-03-
22       49   11    8
14-03-
22       60     9    9
15-03-
22       65     2    7
16-03-
22       60     3    7
17-03-
22       52     4   10
18-03-
22       66     8   10
19-03-
22       76     4    9
20-03-
22       62     3    8
21-03-
22       57     5   10
22-03-
22       58    11   12
23-03-
22       79     6    9
24-03-
22       67     4    9
25-03-
22       61     9   11
26-03-
22       80     5   11
27-03-
22       63     6   12
28-03-
22       77     8   12
29-03-
22       71     2    7
30-03-
22       51     9   11
31-03-
22       73    17   12
01-04-
22       85     6    8
02-10-
21       78     8   11
03-10-
21       81     6    9
04-10-
21       111    7    9
05-10-
21       89     7    8
06-10-
21       75    11    8
07-10-
21
         73     6    8
08-10-
21       58     8    9
09-10-
21       69     4    7
10-10-
21       59     5    9
11-10-
21       60     7   12
12-10-
21       71     9   10
13-10-
21       64     6    9
14-10-
21       65     7   10
15-10-
21       73    11   10
16-10-
21       79     6   10
17-10-
21       65     5    9
18-10-
21       64    11   11
19-10-
21       75     7    9
20-10-
21       81     8    8
21-10-
21       70    7   11
22-10-
21       63   12   13
23-10-
21       80    5   10
24-10-
21       54   11   13
25-10-
21       81    8    9
26-10-
21       62    8   11
27-10-
21       76    8   10
28-10-
21       72   10   10
29-10-
21       75    7   10
30-10-
21       68    6    7
31-10-
21       83    4    4
01-11-
21       59    4    5
02-11-
21
         52    4    2
03-11-
21       49    7    2
04-11-
21       63   12    4
05-11-
21       73   19    7
06-11-
21       61    5    7
07-11-
21       61    3    6
08-11-
21       68    3    5
09-11-
21       64    4    7
10-11-
21       57    4    7
11-11-
21       60   17    9
12-11-
21       83    5    8
13-11-
21       72    4    8
14-11-
21       68    2    6
15-11-
21       57    5    6
16-11-
21       68    4    6
17-11-
21       60    7    9
18-11-
21       56    3    6
19-11-
21       48    4    6
20-11-
21       46    4    7
21-11-
21       55    3    6
22-11-
21       56    6    7
23-11-
21       74    5    9
24-11-
21       73    5    8
25-11-
21       57   10   12
26-11-
21       73    7   11
27-11-
21       82    7   14
28-11-
21
         65   11   11
29-11-
21       73    4    7
30-11-
21       56    8   13
01-12-
21       83   10   11
02-12-
21       87    9    7
03-12-
21       77   11   10
04-12-
21       84    8    9
05-12-
21       67    5    8
06-12-
21       54    5    7
07-12-
21       54   10    8
08-12-
21       54    6    8
09-12-
21       75    5    7
10-12-
21       62    4    8
11-12-
21       67    5    9
12-12-
21       46    3    7
13-12-
21       40    4    7
14-12-
21       51    5    7
15-12-
21       52    6    9
16-12-
21       64    5    8
17-12-
21       63    4   10
18-12-
21       54    3    9
19-12-
21       65    4    6
20-12-
21       53    2    7
21-12-
21       55    1    7
22-12-
21       50    2    7
23-12-
21       53    1    6
24-12-
21       60    1    7
25-12-
21       63    1    6
26-12-
21       49    4    7
27-12-
21       70    3    7
28-12-
21       76    4    9
29-12-
21       79    2    7
30-12-
21       66    6    8
31-12-
21       74    3    7
01-01-
22       67    4    6
02-01-
22       90    3    6
03-01-
22       56    8    7
02-07-
21       44    7    9
03-07-
21       56   10    8
04-07-
21       52    4    5
05-07-
21       38    6    6
06-07-
21       57    7    4
07-07-
21       36
06-08-
21       59    6    7
07-08-
21       57    6    8
08-08-
21       58    8    7
09-08-
21       64    7    9
10-08-
21       74    6    7
11-08-
21       45    5    6
12-08-
21       51    8    7
13-08-
21       65    6    6
14-08-
21       63    7   11
15-08-
21       80    4    7
16-08-
21       67    6    8
17-08-
21       69    7    9
18-08-
21       64    6    7
19-08-
21       63    6    7
20-08-
21       57   10    8
21-08-
21       71   10   11
22-08-
21       58    6    7
23-08-
21       46    6    7
24-08-
21       62   12    9
25-08-
21       71    7    8
26-08-
21       64    6    8
27-08-
21       64    9    8
28-08-
21       78    9    9
29-08-
21       64    9   10
30-08-
21       59    8    9
31-08-
21       60   11   13
01-09-
21       74    9    6
02-09-
21       46    7    5
03-09-
21       51   12    9
04-09-
21       63    9    7
05-09-
21       51    5    6
06-09-
21       47    9    9
07-09-
21       50   11    9
08-09-
21       61   18   11
09-09-
21       88   12   12
10-09-
21       65    9    7
11-09-
21       70    7    8
12-09-
21       67    6    8
13-09-
21       59    9    8
14-09-
21       62   19   10
15-09-
21       67    9    6
16-09-
21       59    7    6
17-09-
21       49    6    6
18-09-
21       47    7    8
19-09-
21       53    8    9
20-09-
21       59    7    9
21-09-
21       64    8   10
22-09-
21       67   12   10
23-09-
21       66    6    6
24-09-
21       68    6    7
25-09-
21       51    4    6
26-09-
21       29    4    6
27-09-
21       32    7    7
28-09-
21       48    7    7
29-09-
21       55    4    6
30-09-
21       66    2    8
01-10-
21       59   12   12
02-04-
21       57    3    6
03-04-
21       52    2    9
04-04-
21       55    4    9
05-04-
21       51    5    9
06-04-
21       65    4    8
07-04-
21       56    7    9
08-04-
21       71    2    6
09-04-
21       51    3    8
10-04-
21       65    5    9
11-04-
21       72    5    8
12-04-
21       58    3    6
13-04-
21       36    4    5
14-04-
21       53    4    5
15-04-
21       42    4    7
16-04-
21       62     8    8
17-04-
21       68     7   13
18-04-
21       72    13    9
19-04-
21       62     6   12
20-04-
21       65    11   10
21-04-
21       66     7   10
22-04-
21       62    12    9
23-04-
21       75     5    8
24-04-
21       58     3    4
25-04-
21       118    2    3
26-04-
21       60     3    8
27-04-
21       54     8   13
28-04-
21       65     4   11
29-04-
21       59     6    9
30-04-
21       64     3   10
01-05-
21       51     2    6
02-05-
21       54     1    5
03-05-
21       50     6   12
04-05-
21       61    10   12
05-05-
21       70     3    8
06-05-
21       54     3    7
07-05-
21       52    12   10
08-05-
21       74     2    5
09-05-
21       45     2    4
10-05-
21       52     2    4
11-05-
21       39     4    6
12-05-
21       42    10   10
13-05-
21       60     7    8
14-05-
21       58     5    7
15-05-
21       67     2    5
16-05-
21       55          4
17-05-
21       43     4    8
18-05-
21       54     8   10
19-05-
21       50     9    7
20-05-
21       59     7    7
21-05-
21       57     7    7
22-05-
21       72     3    6
23-05-
21       43     2    5
24-05-
21       41    3    6
25-05-
21       50    4    7
26-05-
21       63    4    5
27-05-
21       51    5    7
28-05-
21       52    7    7
29-05-
21       62    3    9
30-05-
21       69    4    8
31-05-
21       62   13   12
01-06-
21       80   10   12
02-06-
21       70   11    8
03-06-
21       68    9    6
04-06-
21       48    8    7
05-06-
21       50    7    9
06-06-
21       57    6    7
07-06-
21       53    5    7
08-06-
21       51    7    8
09-06-
21       60    7    8
10-06-
21       65    9    8
11-06-
21       69    9   11
12-06-
21       89    8    9
13-06-
21       61    5    8
14-06-
21       41    6    9
15-06-
21       63    5    9
16-06-
21       64   10    9
17-06-
21       70    8    7
18-06-
21       58    6    8
19-06-
21       58    5    7
20-06-
21       69
22-06-
21       39   10    7
23-06-
21       57    4    6
24-06-
21       55   11    7
25-06-
21       57    4    6
26-06-
21       61    6    8
27-06-
21       65    7    7
28-06-
21       59    9    9
29-06-
21       60    8    7
30-06-
21       49    6    6
01-07-
21       40   12    6
05-01-
21       48   4    7
06-01-
21       49   8    7
07-01-
21       57   4    6
08-01-
21       52   7   10
09-01-
21       61   4    8
10-01-
21       61   3    7
11-01-
21       56   7    9
12-01-
21       65   7    9
13-01-
21       60   6    8
14-01-
21       55   7    8
15-01-
21       65   4    8
16-01-
21       58   3    7
17-01-
21       45   2    7
18-01-
21       50   4    8
19-01-
21       58   5    8
20-01-
21       58   4    8
21-01-
21       59   4    7
22-01-
21       56   4    7
23-01-
21       63   4    8
24-01-
21       56   3    6
25-01-
21       50   6    8
26-01-
21       68   4    7
27-01-
21       61   4    5
28-01-
21       54   3    5
29-01-
21       58   3    6
30-01-
21       55   3    6
31-01-
21       48   3    5
01-02-
21       46   4    7
02-02-
21       61   3    7
03-02-
21       59   6    8
04-02-
21       62   5    8
05-02-
21       59   4    8
06-02-
21       65   5    9
07-02-
21       67        9
08-02-
21       55   7    8
09-02-
21       62   6    8
10-02-
21       58   5    8
11-02-
21       55   3    7
12-02-
21       44    4    8
13-02-
21       65    3    6
14-02-
21       69
16-02-
21       70    2    4
17-02-
21       51    3    5
18-02-
21       39    3    6
19-02-
21       50    4    7
20-02-
21       45    4    7
21-02-
21       53    4    5
22-02-
21       54    4    8
23-02-
21       57    6    9
24-02-
21       81    5    8
25-02-
21       59    4    7
26-02-
21       58    4    7
27-02-
21       53    4    8
28-02-
21       67    3    7
01-03-
21       54    4    7
02-03-
21       53    5    8
03-03-
21       58    4    9
04-03-
21       60    5   11
05-03-
21       62    6   11
06-03-
21       69    7   13
07-03-
21       72    4    9
08-03-
21       71    4    8
09-03-
21       54    5    8
10-03-
21       58    5    8
11-03-
21       58    8    8
12-03-
21       69    5    6
13-03-
21       64    6   12
14-03-
21       73    5    7
15-03-
21       52    6    9
16-03-
21       70    6    8
17-03-
21       54   11   11
18-03-
21       75    5    8
19-03-
21       57    6   10
20-03-
21       67    5    8
21-03-
21       60    9    8
22-03-
21       54    4    6
23-03-
21       52    5    9
24-03-
21       56   10   10
25-03-
21       64   16   10
26-03-
21       76    7    9
27-03-
21       70    6    9
28-03-
21       74   11    8
29-03-
21       62    5    8
30-03-
21       66    7    7
31-03-
21       51    8    8
01-04-
21       59    9    8
02-10-
20       48    7    6
03-10-
20       55    7    8
04-10-
20       78    5    6
05-10-
20       48    4    4
06-10-
20       40    6    6
07-10-
20       51    3    5
08-10-
20       46    3    5
09-10-
20       42    2    4
10-10-
20       51    3    5
11-10-
20       57    3    4
12-10-
20
         47    3    4
13-10-
20       34    4    5
14-10-
20       44    6    6
15-10-
20       60    6    6
16-10-
20       51    5    7
17-10-
20       47    4    7
18-10-
20       40    4    7
19-10-
20       58    6   11
20-10-
20       63    9   12
21-10-
20       78   13    8
22-10-
20       55    6    5
23-10-
20       37    6    7
24-10-
20       50    7   10
25-10-
20       66    5    9
26-10-
20       66    3    7
27-10-
20       64    5    9
28-10-
20       65    3    7
29-10-
20       54    2    6
30-10-
20       60     5    7
31-10-
20       63     7    9
01-11-
20       70     5    7
02-11-
20       63    10    7
03-11-
20       60    18    8
04-11-
20       65    21    8
05-11-
20       73    18    7
06-11-
20       87    16    8
07-11-
20
         91     9    5
08-11-
20       73     2    5
09-11-
20       63     4    5
10-11-
20       63    13    9
11-11-
20       92    15    7
12-11-
20       88    15    8
13-11-
20       82     8    8
14-11-
20       97    13    8
15-11-
20       106   22    8
16-11-
20       100   14    9
17-11-
20       106   14    9
18-11-
20       93    10    8
19-11-
20       83    10   10
20-11-
20       83     8   11
21-11-
20       61    13   13
22-11-
20       84    13   11
23-11-
20       80    13   12
24-11-
20       73     7    7
25-11-
20       48     7    8
26-11-
20       43     6    8
27-11-
20       61    10   12
28-11-
20       67     9   13
29-11-
20       78     7   10
30-11-
20       67     6    8
01-12-
20       67     7    6
02-12-
20       54     9    8
03-12-
20
         56     7    7
04-12-
20       64     6    8
05-12-
20       51     7   10
06-12-
20       64     4    6
07-12-
20       38     5    7
08-12-
20       53     5    6
09-12-
20       45     7    7
10-12-
20       60     5    8
11-12-
20       63     8   10
12-12-
20       71    14   13
13-12-
20       76     7    8
14-12-
20       61     9    7
15-12-
20       56    10   10
16-12-
20       66    15   11
17-12-
20       69    12    9
18-12-
20       72     5    9
19-12-
20       60     2    7
20-12-
20       55     2    7
21-12-
20       47     6    8
22-12-
20       61     6    7
23-12-
20       72     8    9
24-12-
20       66     4    9
25-12-
20       63     2    7
26-12-
20       52     3    7
27-12-
20       45     2    6
28-12-
20       42     2    7
29-12-
20
         50     3    8
30-12-
20       58     4    9
31-12-
20       55     6   12
01-01-
21       88     7   12
02-01-
21       154    2    7
03-01-
21       51     2    8
04-01-
21       42     4    8
02-07-
20       68     6    7
03-07-
20       60     7    8
04-07-
20       66     5    7
05-07-
20       67     4    5
06-07-
20       56     6    8
07-07-
20       71     6    8
08-07-
20       61     7    9
09-07-
20       66     9    9
10-07-
20       67     4    7
11-07-
20       62    3    9
12-07-
20       64    2    7
13-07-
20       59    4    9
14-07-
20       54   12   10
15-07-
20       70    4    4
16-07-
20       44    4    3
17-07-
20       37    4    4
18-07-
20       47    2    3
19-07-
20       36    3    4
20-07-
20       39    4    5
21-07-
20
         51    6    6
22-07-
20       55    5    7
23-07-
20       68    4    6
24-07-
20       49    6    7
25-07-
20       59    7    8
26-07-
20       61    3    5
27-07-
20       59    5    6
28-07-
20       46   17    8
29-07-
20       69   12    5
30-07-
20       55    8    5
31-07-
20       50    4    4
01-08-
20       43    3    3
02-08-
20       44    2    2
03-08-
20       40    5    4
04-08-
20       57    6    4
05-08-
20       48    6    4
06-08-
20       45    8    6
07-08-
20       45    5    4
08-08-
20       49    3    5
09-08-
20       45    2    4
10-08-
20       38    4    5
11-08-
20       47   10    6
12-08-
20       62   11    7
13-08-
20       70    8    6
14-08-
20       68    3    6
15-08-
20       66    4    6
16-08-
20
         62    4    5
17-08-
20       56    7    6
18-08-
20       63    4    7
19-08-
20       70    3    6
20-08-
20       58    4    6
21-08-
20       54    4    6
22-08-
20       47    6    7
23-08-
20       52    4    6
24-08-
20       57    7    8
25-08-
20       68    6    7
26-08-
20       67    8    7
27-08-
20       61    7    7
28-08-
20       58    4    6
29-08-
20       58    6    6
30-08-
20       64    6    6
31-08-
20       55    7    7
01-09-
20       69    7    5
02-09-
20       50    7    7
03-09-
20       61    8    6
04-09-
20       59    6    6
05-09-
20       52    5    6
06-09-
20       50    5    5
07-09-
20       59    5    6
08-09-
20       55    6    6
09-09-
20       56    9    8
10-09-
20       50    7    9
11-09-
20
         56    6    8
12-09-
20       60    6    6
13-09-
20       58    4    4
14-09-
20       49    3    3
15-09-
20       39    8    6
16-09-
20       53   19   11
17-09-
20       83   10   10
18-09-
20       70   10   10
19-09-
20       77   17   17
20-09-
20       86    6    8
21-09-
20       70    5    7
22-09-
20       64    7    7
23-09-
20       50    7    7
24-09-
20       57
01-10-
20       40   9   5
02-04-
20       33   2   4
03-04-
20       44   3   4
04-04-
20       43   3   5
05-04-
20       43   2   4
06-04-
20       52   3   4
07-04-
20       43   2   4
08-04-
20       48   1   4
09-04-
20       49   1   5
10-04-
20       57   2   5
11-04-
20       54       4
12-04-
20       53   1   4
13-04-
20
         49   1   4
14-04-
20       52   1   4
15-04-
20       42   1   5
16-04-
20       41   3   6
17-04-
20       63   3   7
18-04-
20       68   1   6
19-04-
20       45   1   5
20-04-
20       51   3   4
21-04-
20       52   3   4
22-04-
20       51   1   4
23-04-
20       48   1   4
24-04-
20       50   2   4
25-04-
20       47   1   4
26-04-
20       55   1   4
27-04-
20       50   3   6
28-04-
20       54   4   6
29-04-
20       58   2   5
30-04-
20       51   3   6
01-05-
20       57   3   6
02-05-
20       67   4   5
03-05-
20       56   7   5
04-05-
20       52   4   7
05-05-
20       67   7   8
06-05-
20       62   7   7
07-05-
20       57   3   6
08-05-
20       52   3   5
09-05-
20       40    3    5
10-05-
20       46    3    5
11-05-
20       45    2    4
12-05-
20       43    3    5
13-05-
20       46    3    3
14-05-
20       52    6    8
15-05-
20       75    4    5
16-05-
20       49    3    4
17-05-
20       41    2    3
18-05-
20       59    3    5
19-05-
20       64   11   14
20-05-
20       53
23-05-
20       49    4    4
24-05-
20       46    3    3
25-05-
20       35    3    4
26-05-
20       42    3    4
27-05-
20       48    2    3
28-05-
20       40    7    6
29-05-
20       48    3    5
30-05-
20       49    2    4
31-05-
20       45    2    4
01-06-
20       48    4    6
02-06-
20       48    4    6
03-06-
20       53    5    8
04-06-
20       62    6    7
05-06-
20       63    6    6
06-06-
20       59    4    5
07-06-
20       49    2    3
08-06-
20       48    3    4
09-06-
20       43    5    5
10-06-
20       56   13    7
11-06-
20       65    6    6
12-06-
20       67    4    7
13-06-
20       66   13    8
14-06-
20       84    4    6
15-06-
20       53    4    5
16-06-
20       38   13    8
17-06-
20       63    6    6
18-06-
20       49    5    5
19-06-
20       51    7    9
20-06-
20       65    6    8
21-06-
20       57    3    5
22-06-
20       48    4    6
23-06-
20       51    8    7
24-06-
20       59    9    8
25-06-
20       62    7    7
26-06-
20       63    8    8
27-06-
20       58    5    7
28-06-
20       58    4    5
29-06-
20       55    6    7
30-06-
20       64    6    6
01-07-
20       53    7    7
02-01-
20       71    5    7
03-01-
20       51    6    9
04-01-
20       59    7    8
05-01-
20       69    3    4
06-01-
20       38    5    5
07-01-
20       46   10    9
08-01-
20       79    8    7
09-01-
20       70   10    7
10-01-
20       66    8    8
11-01-
20       50    7    8
12-01-
20       56
14-01-
20       51   10    7
15-01-
20       60   11    8
16-01-
20       75    5    5
17-01-
20       49    6    6
18-01-
20       49    6    6
19-01-
20       42    7    6
20-01-
20       43    6    7
21-01-
20       53    6    8
22-01-
20       61    4    6
23-01-
20       60    4    7
24-01-
20       59    3    6
25-01-
20       57    8   11
26-01-
20       78    3    6
27-01-
20       59    3    7
28-01-
20       71    6    9
29-01-
20       69    4    8
30-01-
20       71    8   11
31-01-
20       78    7   11
01-02-
20       76    9   15
02-02-
20       92    7   11
03-02-
20       66    5    9
04-02-
20       77    5    6
05-02-
20       71    8    8
06-02-
20       89   11    8
07-02-
20       95    8    8
08-02-
20       92
13-02-
20       85    7    9
14-02-
20       78   10   10
15-02-
20       93    4    9
16-02-
20       72    4    8
17-02-
20       75    5    7
18-02-
20       53    7    8
19-02-
20       58    6    7
20-02-
20       65    6    8
21-02-
20       85    5   10
22-02-
20       81    5   10
23-02-
20       68    4    9
24-02-
20       60    3    7
25-02-
20       53    2    6
26-02-
20       52    4    8
27-02-
20       64    3    8
28-02-
20       60    3   11
29-02-
20       72    4   11
01-03-
20       68    3   10
02-03-
20       64    4   10
03-03-
20       79    5   10
04-03-
20       69    7    9
05-03-
20       69    6    8
06-03-
20       75    4   10
07-03-
20       74    2    9
08-03-
20       71    3    8
09-03-
20       58    7   10
10-03-
20       91    4   10
11-03-
20       83    5   10
12-03-
20       60    9   11
13-03-
20       83    5    8
14-03-
20       59    3    8
15-03-
20       49    2    6
16-03-
20       44    3    8
17-03-
20       42    2    5
18-03-
20       42    2    4
19-03-
20       53    5    5
20-03-
20       41    1    3
21-03-
20       30    2    2
22-03-
20       39    4    3
23-03-
20       43    3    3
24-03-
20       60    1    3
25-03-
20       69    3    4
26-03-
20       76    3    4
27-03-
20       50    2    3
28-03-
20       53    2    4
29-03-
20       38    2    4
30-03-
20       47    2    5
31-03-
20       63    2    4
01-04-
20       50         4
02-10-
19       93    6    7
03-10-
19       72    8    7
04-10-
19       85    7    7
05-10-
19       59    5    8
06-10-
19       65    3    6
07-10-
19       49    7    6
08-10-
19       47   11    6
09-10-
19       65    7    6
10-10-
19       59    4    6
11-10-
19       47    3    7
12-10-
19       51    8    6
13-10-
19       84    4    7
14-10-
19       59    5    8
15-10-
19       68    6    7
16-10-
19       77    4    6
17-10-
19       65    6    8
18-10-
19       73    9   10
19-10-
19       88    8    9
20-10-
19       78
23-10-
19       50    8    9
24-10-
19       61   18   16
25-10-
19       91   20   16
26-10-
19       95    9   13
27-10-
19       74    5   10
28-10-
19       64    6    9
29-10-
19       57    7    8
30-10-
19       67    7    9
31-10-
19       76    8    9
01-11-
19       75    3    7
02-11-
19       56    4    7
03-11-
19       55    3    5
04-11-
19       49    3    5
05-11-
19       54    5    7
06-11-
19       59    5    8
07-11-
19       62    9   10
08-11-
19       73    8   10
09-11-
19       72    2    8
10-11-
19       58    1    7
11-11-
19       55    4   10
12-11-
19       63    6   11
13-11-
19       69    4    9
14-11-
19       60    3    6
15-11-
19       56    4    7
16-11-
19       58    5    9
17-11-
19       68    3    6
18-11-
19       45    3    7
19-11-
19       64    6   10
20-11-
19       72    4    8
21-11-
19       64    5    8
22-11-
19       56    3    8
23-11-
19       66    6    9
24-11-
19       67    4    8
25-11-
19       64    5    7
26-11-
19       66   11   11
27-11-
19       67    6    7
28-11-
19       64    5    7
29-11-
19       64    5    9
30-11-
19       84    3    8
01-12-
19       56    2    6
02-12-
19       63    6    9
03-12-
19       55    7   11
04-12-
19       69    7    9
05-12-
19       63    4    9
06-12-
19       63    5    9
07-12-
19       63    3    8
08-12-
19       49    3    8
09-12-
19       49    6   11
10-12-
19       70    5   10
11-12-
19       65    4    7
12-12-
19       62    5    7
13-12-
19       57   10   11
14-12-
19       89    7   11
15-12-
19       74    8   12
16-12-
19       79    7   10
17-12-
19       56    5    8
18-12-
19       59    7   12
19-12-
19       77    8   13
20-12-
19       73    8   14
21-12-
19       77    9   12
22-12-
19       71    6    9
23-12-
19       60    5    7
24-12-
19       58    7   10
25-12-
19       65    4    7
26-12-
19       49    5    7
27-12-
19       53    5    8
28-12-
19       52    5    8
29-12-
19       58    3    6
30-12-
19       57
02-07-
19       59    7    9
03-07-
19       56    9   11
04-07-
19       93    9    9
05-07-
19       65   15   10
06-07-
19       66    5    4
07-07-
19       35    2    4
08-07-
19       35    4    6
09-07-
19       52    9    6
10-07-
19       46    5    4
11-07-
19       37   11    8
12-07-
19       62   14   10
13-07-
19       78   12   11
14-07-
19       66    3    6
15-07-
19       51    6    8
16-07-
19       61   13    8
17-07-
19       53    9    7
18-07-
19       52    5    6
19-07-
19       42    4    6
20-07-
19       43    4    6
21-07-
19       39    3    6
22-07-
19       38    6    8
23-07-
19       61    7   10
24-07-
19       71    7    9
25-07-
19       62    9    9
26-07-
19       80    5    6
27-07-
19       61    7    8
28-07-
19       64    3    6
29-07-
19       35    5    6
30-07-
19       51    9    6
31-07-
19       55    6    5
01-08-
19       53    7    7
02-08-
19       53    9   10
03-08-
19       71    5    8
04-08-   44    4    6
19
05-08-
19       36    4    6
06-08-
19       49    6    6
07-08-
19       45    7    6
08-08-
19       53    5    4
09-08-
19       48    4    4
10-08-
19       49    3    5
11-08-
19       40    5    5
12-08-
19       27    4    4
13-08-
19       43    5    4
14-08-
19       56    4    5
15-08-
19       75    3    6
16-08-
19       87    3    5
17-08-
19       55    6    7
18-08-
19       57    5    6
19-08-
19       45    5    6
20-08-
19       63    5    6
21-08-
19       53    2    5
22-08-
19       41    1    6
23-08-
19       41    2    7
24-08-
19       57    1    6
25-08-
19       58    1    6
26-08-
19       40    1    6
27-08-
19       49    1    6
28-08-
19       35    2    6
29-08-
19       56    3    7
30-08-   68    3    7
19
31-08-
19       74    4    8
01-09-
19       56    2    7
02-09-
19       34    3    9
03-09-
19       61    8   10
04-09-
19       66    5    8
05-09-
19       41    4    8
06-09-
19       52    3    5
07-09-
19       43    2    5
08-09-
19       39    1    3
09-09-
19       36    3    5
10-09-
19       38    7    7
11-09-
19       59   10    9
12-09-
19       76    6    8
13-09-
19       99    3    5
14-09-
19       57    3    6
15-09-
19       93    3    6
16-09-
19       72    6    8
17-09-
19       73   10    9
18-09-
19       84    3    8
19-09-
19       77    3    9
20-09-
19       80    8   12
21-09-
19       88   11   14
22-09-
19       84    8   10
23-09-
19       62    4    7
24-09-
19       46    9   14
25-09-   77    8    9
19
26-09-
19       84    9   10
27-09-
19       78    4    8
28-09-
19       64    4    6
29-09-
19       71    5    6
30-09-
19       63    6    8
01-10-
19       70   10    8
02-04-
19       54    5   11
03-04-
19       54   10   14
04-04-
19       84    6   12
05-04-
19       60    4   12
06-04-
19       74    1    8
07-04-
19       63
09-04-
19       79   12   13
10-04-
19       80    3    9
11-04-
19       68   12   11
12-04-
19       77   11   10
13-04-
19       72    5    9
14-04-
19       56    7    9
15-04-
19       57    5    9
16-04-
19       65    6    8
17-04-
19       59    5    9
18-04-
19       69    7   11
19-04-
19       68    4   11
20-04-
19       54    4   10
21-04-
19       63    1    8
22-04-   45    9   13
19
23-04-
19       71    7   11
24-04-
19       61    7   13
25-04-
19       69   12   13
26-04-
19       80    5   12
27-04-
19       64   10   17
28-04-
19       81    3    9
29-04-
19       54    6   10
30-04-
19       61    7    9
01-05-
19       56    6    6
02-05-
19       51    5    9
03-05-
19       63    7    8
04-05-
19       52    5    8
05-05-
19       47    1    5
06-05-
19       35    3    7
07-05-
19       49    6    9
08-05-
19       65    5    8
09-05-
19       70    5   11
10-05-
19       68    4   10
11-05-
19       60    7   11
12-05-
19       74    3   10
13-05-
19       67    8   16
14-05-
19       90    9   13
15-05-
19       81   11   10
16-05-
19       63    6    6
17-05-
19       60    3    7
18-05-   95    4    6
19
19-05-
19       53    2    7
20-05-
19       48   10   13
21-05-
19       94    8   10
22-05-
19       81    9    8
23-05-
19       64   10    9
24-05-
19       71    8    7
25-05-
19       51    3    7
26-05-
19       57    4    8
27-05-
19       64    9    8
28-05-
19       79   12   10
29-05-
19       76    5    8
30-05-
19       65    4    8
31-05-
19       60    3    9
01-06-
19       62    3    9
02-06-
19       61    4    9
03-06-
19       54    7    9
04-06-
19       56    9   10
05-06-
19       56    7    9
06-06-
19       52    3    6
07-06-
19       45    5    8
08-06-
19       71   11    9
09-06-
19       70    8    8
10-06-
19       63    5    7
11-06-
19       62   11   10
12-06-
19       77   17   10
13-06-
         82   10   13
19
14-06-
19       89    8   14
15-06-
19       97    8   12
16-06-
19       75    5    9
17-06-
19       51    3    5
18-06-
19       46    4    4
19-06-
19       42    8    6
20-06-
19       55    7    5
23-06-
19       44    3    4
24-06-
19       38    5    7
25-06-
19       67    8    9
26-06-
19       89    9    7
27-06-
19       91    7    7
28-06-
19       66    5    8
29-06-
19       58    6    8
30-06-
19       51    2    4
01-07-
19       23    6    6
02-01-
19       59    2    4
03-01-
19       46    4    6
04-01-
19       57    3    6
05-01-
19       50    4    6
06-01-
19       54    5    8
07-01-
19       63    4    9
08-01-
19       77    3    8
09-01-
19       57    9   10
10-01-
19       69    3    8
11-01-
         49    3    6
19
12-01-
19       60    4    7
13-01-
19       59    1    4
14-01-
19       43    3    7
15-01-
19       58    5    9
16-01-
19       78    7   10
17-01-
19       81    7   10
18-01-
19       73   11   10
19-01-
19       81    4    8
20-01-
19       63    1    6
21-01-
19       42    3    7
22-01-
19       63    5    9
23-01-
19       57    3    7
24-01-
19       56    2    5
25-01-
19       49    8    9
26-01-
19       65    6    8
27-01-
19       62    6    8
28-01-
19       56    3    8
29-01-
19       54    4    8
30-01-
19       59    6   10
31-01-
19       64    6   11
01-02-
19       69    3    9
02-02-
19       63    3    9
03-02-
19       55    3    8
04-02-
19       50    5   11
05-02-
19       69    4   10
06-02-
         74    8   10
19
07-02-
19       75    6   10
08-02-
19       72    6   11
09-02-
19       75    5   10
10-02-
19       60    3    7
11-02-
19       59    4    9
12-02-
19       64    4    9
13-02-
19       62    5    9
14-02-
19       60   11   13
15-02-
19       87   12   12
16-02-
19       74   10   12
17-02-
19       78    4    9
18-02-
19       71    4    8
19-02-
19       62    4    6
20-02-
19       55    9    9
21-02-
19       68     7    9
22-02-
19       70     7    9
23-02-
19       67     5   10
24-02-
19       76     2    7
25-02-
19       44     4    9
26-02-
19       65     6   11
27-02-
19       82     6   11
28-02-
19       70     3    9
01-03-
19       64     6    9
02-03-
19       63
04-03-
19       69     6    6
05-03-
19       48
07-03-
19       78    12   15
08-03-
19       92     9   12
09-03-
19       78     6    9
10-03-
19       56     6    8
11-03-
19       47     7    9
12-03-
19       53     9   10
13-03-
19       68    10   11
14-03-
19       87     5    7
15-03-
19       77     6    8
16-03-
19       64     9    9
17-03-
19       63     6    6
18-03-
19       65     6    8
19-03-
19       74     5    7
20-03-
19       61    10   12
21-03-
19       84     5    9
22-03-
19       70    18   15
23-03-
19       81    19   21
24-03-
19       108   10   16
25-03-
19       86    10   10
26-03-
19       84     3    8
27-03-
19       68     6   12
28-03-
19       82     5   10
29-03-
19       69     6   11
30-03-
19       89    19   19
31-03-
19       89     5   10
01-04-
19       62     5   10
02-10-
18       109   19   10
03-10-
18       120   15    9
04-10-
18       102   18   10
05-10-
18       106   22   11
06-10-
18       105   16   15
07-10-
18       98    11   11
08-10-
18       87
10-10-
18       44    15    8
11-10-
18       70    15    7
12-10-
18       79    15    9
13-10-
18       73    18    9
14-10-
18       78     9    7
15-10-
18       66     9    8
16-10-
18       83    14    8
17-10-
18       88    13    9
18-10-
18       101   10    8
19-10-
18       96    15   11
20-10-
18       110   11   10
21-10-
18       81    13    8
22-10-
18       77    20   11
23-10-
18       85    19   11
24-10-
18       83    19   10
25-10-
18       79    28    8
26-10-
18       97    18    8
27-10-
18       94
29-10-
18       68     9    8
30-10-
18       78    10    9
31-10-
18       78    16   11
01-11-
18       96    10   10
02-11-
18       76    14    9
03-11-
18       67     6    8
04-11-
18       63     4    7
05-11-
18       53    12   10
06-11-
18       64    18    9
07-11-
18       89    17   10
08-11-
18       88     9    7
09-11-
18       55     7    9
10-11-
18       67     5    9
11-11-
18       68   15    8
12-11-
18       76    9   10
13-11-
18       73    7    8
14-11-
18       62    3    7
15-11-
18       73    9    6
16-11-
18       64   12   11
17-11-
18       76   13   15
18-11-
18       93   12   15
19-11-
18       72   13   12
20-11-
18       85   10   10
21-11-
18       79    9   11
22-11-
18       84    7   12
23-11-
18       85    5   10
24-11-
18       67    6   11
25-11-
18       79    4    8
26-11-
18       67    4    7
27-11-
18       58    7   11
28-11-
18       77   11   11
29-11-
18       76   11   12
30-11-
18       81    7   12
01-12-
18       59   10   14
02-12-
18       78    6   11
03-12-
18       58    5   10
04-12-
18       81    8   11
05-12-
18       89   10    7
06-12-
18       85    6   10
07-12-
18       79    6    9
08-12-
18       70    5    8
09-12-
18       67    4    7
10-12-
18       57    6    8
11-12-
18       59    7   10
12-12-
18       77    7   10
13-12-
18       81    6    8
14-12-
18       64    8   12
15-12-
18       83   12    9
16-12-
18       74    9    7
17-12-
18       60    8    8
18-12-
18       68   11    8
19-12-
18       66    10    9
20-12-
18       75     7    9
21-12-
18       68     6   11
22-12-
18       85
24-12-
18       41     3    7
25-12-
18       55     1    4
26-12-
18       48     2    4
27-12-
18       55     3    5
28-12-
18       55     3    5
29-12-
18       55     4    7
30-12-
18       61     2    5
31-12-
18       52
26-08-
18       43     4    5
27-08-
18       33     5    6
28-08-
18       43     4    4
29-08-
18       32     4    5
30-08-
18       33     6    8
31-08-
18       57     9   10
01-09-
18       67     9   11
02-09-
18       67     6    9
03-09-
18       52     6    7
04-09-
18       45     6    5
05-09-
18       33     4    5
06-09-
18       48     5    6
07-09-
18       63     4    8
08-09-
18       91
11-09-
18       86     5    7
12-09-
18       68     5   10
13-09-
18       80    11   12
14-09-
18       104    5   14
15-09-
18       80     4   10
16-09-
18       63     7   12
17-09-
18       53    13   12
18-09-
18       78     8    8
19-09-
18       69    10    6
20-09-
18       54     4    5
21-09-
18       44     7    6
22-09-
18       48     4    7
23-09-
18       49         11    8
24-09-
18       41
26-09-
18       48          6    8
27-09-
18       62          8    8
28-09-
18       69          7    8
29-09-
18       62          6    7
30-09-
18       62          6    7
01-10-
18       103        14   10
21-04-
25                   2    9
29-06-
25             17    3    5
16-01-
25                        6
27-01-
25                        8
03-02-
25                       10
15-02-
25                        7
24-02-
25                   2   10
28-04-
22                   9   12
11-02-
22                   3    7
05-08-
21                   2    5
21-06-
21                   6    6
15-02-
21                   5    6
30-09-
20                   9    7
22-05-
20                   3    5
01-01-
20                   7    7
13-01-
20                   6    5
12-02-
20                   9   11
22-10-
19                   5    7
08-04-
19                   5   13
21-06-
19                   3    5
22-06-
19                   3    6
01-01-
19                   3    3
03-03-
19                   5    9
06-03-
19                   9   11
09-10-
18                  15    8
28-10-
18                   5    6
23-12-
18                   3    8
25-08-
18                   5    6
10-09-
18                   4    8
25-09-
18                   3    5
